,trn_loss,vld_loss,vld_rel_err,vld_rel_err_o,vld_rel_err_h
0,0.052609752863645554,0.047494695484638215,0.39592634558677675,0.35571240544319155,0.40775398969650267
1,0.043973346451918284,0.03840012013912201,0.35040998458862305,0.31406539797782895,0.3610995626449585
2,0.03441704387466113,0.028550458773970604,0.29216703653335574,0.26094539046287535,0.3013498854637146
3,0.024452110826969145,0.01914881221950054,0.22021796941757202,0.19523912608623506,0.22756468296051025
4,0.015805003109077613,0.012415949739515781,0.1426791751384735,0.1228677248954773,0.14850605845451356
5,0.010693564303219319,0.00949794940650463,0.08498686105012894,0.07164812862873077,0.08891002118587493
6,0.008646454811096192,0.008069345206022262,0.06868884205818176,0.06781775176525116,0.06894504576921463
7,0.007049219024678071,0.006045592613518238,0.06421864449977875,0.05675205945968628,0.066414695084095
8,0.005048231817781925,0.004109257031232118,0.06152759552001953,0.041673428863286975,0.0673670569062233
9,0.0034898897043118874,0.0029672629944980143,0.05994834333658219,0.032931088507175445,0.06789459824562073
10,0.0027193649765104057,0.002582513215020299,0.05679972425103188,0.035893003046512606,0.06294875830411911
11,0.002465944138045112,0.0024308487307280304,0.05543805629014969,0.046098891794681546,0.05818486884236336
12,0.0023410576861351727,0.0023047270625829695,0.05386064350605011,0.04562378972768784,0.056283246129751205
13,0.002214468279853463,0.002186562800779939,0.051871154457330704,0.03933883935213089,0.0555571249127388
14,0.002110460220525662,0.0020935478899627926,0.05065470442175865,0.036697494685649874,0.054759765714406966
15,0.002022635874648889,0.0020076466724276544,0.04996601715683937,0.03671637669205666,0.05386297017335892
16,0.0019429482550670702,0.001922066891565919,0.04936023384332657,0.03879993125796318,0.052466209530830386
17,0.0018634991720318794,0.0018459330778568984,0.04909525990486145,0.037743016481399536,0.05243415087461471
18,0.0017900584964081645,0.0017710878141224385,0.04859672114253044,0.03832024440169334,0.05161921203136444
19,0.0017197431220362584,0.0016977900359779596,0.048150702565908435,0.03906615734100342,0.050822630524635315
20,0.0016522013240804275,0.0016324386186897756,0.047810443937778474,0.03900907590985298,0.05039908289909363
21,0.0015953728215148053,0.0015807818761095405,0.04760329648852348,0.03908610790967941,0.05010834902524948
22,0.001547124683856964,0.0015313829202204942,0.0471862418949604,0.04025070428848267,0.049226105064153675
23,0.0015016152958075206,0.0014883806509897112,0.04683256477117539,0.0394166961312294,0.049013703763484955
24,0.0014591107641657194,0.001442909245379269,0.04645804837346077,0.04067662686109543,0.04815846294164658
25,0.0014178964961320162,0.0014023709716275334,0.04612503528594971,0.03986582085490227,0.04796598210930824
26,0.0013788086206962666,0.001360221398063004,0.045758330523967744,0.040705912262201306,0.04724433705210686
27,0.0013394084417571624,0.001322628711350262,0.04541375294327736,0.04088897883892059,0.04674456968903542
28,0.0013041629611204068,0.001286871819756925,0.04512888923287392,0.041452545821666714,0.04621016517281532
29,0.0012712871733432014,0.0012535660387948155,0.04473971948027611,0.0412857012450695,0.04575560972094536
30,0.0012407355848699808,0.0012230884609743954,0.04425875514745712,0.04112300083041191,0.045181034207344054
31,0.001213702456249545,0.0011958961514756084,0.04392118394374847,0.04068928226828575,0.04487174198031425
32,0.0011897792232533296,0.0011725854175165295,0.04357225000858307,0.039736654162406924,0.044700369089841846
33,0.001166562841584285,0.0011498495144769548,0.043214577436447146,0.03991032600402832,0.0441864138841629
34,0.0011463351842636864,0.0011281298799440266,0.042943215072155,0.04028986662626267,0.043723611384630205
35,0.0011274161189794541,0.0011100605642423034,0.04268035769462585,0.03949004381895065,0.04361868634819985
36,0.001110573586386939,0.0010930173378437757,0.042337228953838346,0.03956919476389885,0.043151358366012575
37,0.0010960016865283252,0.001078911330550909,0.04217204302549362,0.039186372309923174,0.04305018320679665
38,0.0010832263451690475,0.0010663856007158757,0.04189455106854439,0.03848129704594612,0.042898448556661604
39,0.0010717412270605563,0.0010551612079143524,0.04167687430977821,0.03854230225086212,0.04259880542755127
40,0.0010619574102262656,0.0010461705271154643,0.041532310396432875,0.037961979657411576,0.04258240342140198
41,0.0010540983468915026,0.0010377704165875912,0.04135344877839089,0.037871015965938566,0.042377695292234424
42,0.0010468299609298507,0.0010297535709105432,0.04123150244355202,0.03853406444191933,0.04202486366033554
43,0.001039679415213565,0.0010239813080988825,0.04111847579479218,0.03754713490605354,0.04216887012124062
44,0.0010337971965782345,0.0010183534305542707,0.04097432225942612,0.03691822096705437,0.04216729432344437
45,0.0010284098687892158,0.0010127027868293225,0.040885071605443954,0.03719051659107208,0.04197170719504356
46,0.001024043558475872,0.0010076449974440037,0.040797738432884215,0.03750916138291359,0.04176496908068657
47,0.0010195018149291475,0.0010036293952725827,0.04070187211036682,0.03690274506807327,0.04181926473975182
48,0.0010155431445067128,0.0009996136417612434,0.04062187060713768,0.03689411908388138,0.041718270629644394
49,0.001011681539627413,0.0009961555805057286,0.040553388446569444,0.03659237265586853,0.04171839490532875
50,0.0010087725458045801,0.000992921395227313,0.040485120713710784,0.036277760863304136,0.041722579300403594
51,0.0010052857687696815,0.0009891208866611124,0.04041615828871727,0.03697177186608314,0.04142921507358551
52,0.0010021301894448697,0.0009865976660512388,0.04035581573843956,0.03614250287413597,0.04159502536058426
53,0.0009994092086950937,0.0009831524244509637,0.04028147280216217,0.036459990441799164,0.04140544012188911
54,0.0009968439311099548,0.0009805250633507967,0.0402228856086731,0.03643439665436745,0.04133715152740478
55,0.0009940706472843885,0.000978115687612444,0.040166822224855424,0.035624457895755766,0.041502815037965775
56,0.0009909628564491867,0.0009750042273662984,0.04010663136839867,0.036029751598834994,0.04130571350455284
57,0.000988403077547749,0.0009721593488939106,0.04005008548498154,0.0363974079489708,0.04112440198659897
58,0.0009860309679061174,0.0009700736938975751,0.04000030621886253,0.03590418338775635,0.04120504662394524
59,0.0009840088974063595,0.0009679347346536815,0.039959935992956164,0.035555884540081024,0.04125524654984474
60,0.00098189304349944,0.0009653508453629911,0.039906170964241025,0.03586011439561844,0.04109618782997131
61,0.0009796858105498055,0.0009630200616084039,0.0398564375936985,0.036124107837677,0.04095418065786362
62,0.0009779114974662662,0.0009610527940094471,0.039814464002847674,0.035510982424020766,0.041080192178487775
63,0.0009752045338973403,0.0009588389680720865,0.039769464135169984,0.03562715023756027,0.04098778992891312
64,0.0009729070131046076,0.0009566324180923403,0.0397254703938961,0.03571065604686737,0.04090629428625107
65,0.0009712479791293542,0.0009545705886557698,0.039681223183870316,0.03567557439208031,0.0408593538403511
66,0.000970265120267868,0.0009524182067252695,0.039632259011268614,0.035855228006839754,0.040743153095245364
67,0.000967416896795233,0.0009518339880742133,0.03962716415524483,0.034559510350227356,0.04111765086650848
68,0.0009648864824945728,0.0009484424418769777,0.039550467878580096,0.03595251485705376,0.040608689039945606
69,0.0009629908025575181,0.0009467918006703257,0.03950832664966583,0.03524621799588203,0.040761887282133105
70,0.0009612826335554321,0.0009453280339948834,0.039480744749307635,0.034781718999147414,0.04086281195282936
71,0.0009593593810374538,0.0009429524117149413,0.03943082883954048,0.035337994545698165,0.040634602308273315
72,0.0009573466346288721,0.000941708681639284,0.03941617518663407,0.03472140878438949,0.0407969868183136
73,0.0009555239354570706,0.000939255179837346,0.039354874640703204,0.03530782103538513,0.04054518461227417
74,0.0009537290890390674,0.0009375811647623777,0.039326345771551134,0.03493051141500473,0.04061923965811729
75,0.00095167774008587,0.0009359761676751077,0.039293110519647595,0.034763948619365694,0.04062522098422051
76,0.0009503952801848451,0.0009336343803443014,0.03924254134297371,0.03508411854505539,0.04046560540795326
77,0.0009486163640394806,0.00093287747586146,0.039242704808712,0.034280976206064226,0.04070203572511673
78,0.0009465279926856359,0.0009298933646641671,0.039172236323356625,0.03517152845859527,0.04034891366958618
79,0.0009446229001817604,0.0009282774245366455,0.03914363771677017,0.03481013655662537,0.04041819930076599
80,0.0009425676249278089,0.0009264535480178892,0.03910822734236717,0.034777167588472366,0.040382066816091536
81,0.0009411718510091304,0.0009247927833348512,0.039060178399086,0.03508224278688431,0.04023016139864922
82,0.0009386840423879524,0.000923042525537312,0.03903622016310692,0.03459658659994602,0.04034199655056
83,0.0009371392273654541,0.0009212202159687877,0.038995401263237,0.03452998980879784,0.040308758020401
84,0.0009357891588782271,0.0009197937604039908,0.038978973627090456,0.03445716872811318,0.04030891999602318
85,0.0009342018219952782,0.0009173830808140338,0.03893781512975693,0.03489701613783836,0.040126289129257205
86,0.000931720348695914,0.0009160108282230794,0.038926457464694975,0.03434895619750023,0.04027278169989586
87,0.0009297835066293677,0.0009145500115118921,0.03890189155936241,0.034514441639184955,0.04019231751561165
88,0.000928702176703761,0.0009129779995419085,0.03888809099793434,0.03491956263780594,0.040055305659770966
89,0.0009275545234171053,0.0009117665118537843,0.03885551318526268,0.03469303041696548,0.04007977426052094
90,0.0009258728319158156,0.0009113547368906438,0.03884125530719757,0.03408281967043877,0.04024079337716103
91,0.0009256918945660194,0.000909597638528794,0.03882246717810631,0.0344457433372736,0.040109740495681764
92,0.0009232686460018158,0.0009060524660162628,0.03881077915430069,0.03366937935352325,0.04032295510172844
93,0.0009195698650243381,0.000903899825643748,0.03879367262125015,0.03512190133333206,0.03987360432744026
94,0.0009193903782094518,0.0009025942231528461,0.03878749296069145,0.0343639849126339,0.04008852362632751
95,0.0009171325511609515,0.0009014898492023349,0.03877413377165794,0.03427468940615654,0.04009749963879585
96,0.0009156184472764532,0.0009000164922326803,0.038752124458551404,0.03471495971083641,0.03993952631950379
97,0.0009148163301870227,0.0008989343652501703,0.038736096918582916,0.034447688162326816,0.03999739393591881
98,0.0009137196272301177,0.0008979316335171461,0.038716817498207094,0.03437566839158535,0.03999362587928772
99,0.0009123686204353968,0.0008969816379249095,0.038706809431314465,0.03416642345488072,0.04004221871495247
100,0.0009114070624733965,0.0008962112432345748,0.0386988240480423,0.03398749746382237,0.040084508061408994
101,0.0009115500499804815,0.0008945230417884886,0.0386744524538517,0.03474642798304558,0.03982975631952286
102,0.0009108939534053207,0.0008946538507007062,0.038682476133108136,0.033511324152350426,0.040203402787446975
103,0.0009099776553921402,0.000892986785620451,0.03864135891199112,0.035062319785356524,0.03969401717185974
104,0.0009079912211745978,0.0008925340231508016,0.03863694936037063,0.033417409434914586,0.04017210602760315
105,0.0009063415268125634,0.0008905026130378247,0.03861276611685753,0.03438735589385033,0.03985553413629532
106,0.000905445748164008,0.0008893655077554286,0.038605880737304685,0.03466417104005814,0.03976521030068397
107,0.0009048705416110655,0.0008887767209671438,0.038587225079536436,0.03389282062649727,0.039967935681343075
108,0.0009048387928244968,0.0008880069013684988,0.03855594128370285,0.03438271664083004,0.03978335976600647
109,0.0009029138817762335,0.0008866898389533162,0.038555219620466236,0.03389436103403568,0.03992605894804001
110,0.0009018184058368206,0.0008855858468450606,0.038539274036884306,0.03403934560716152,0.039862781614065174
111,0.0009008116329399248,0.0008850771514698863,0.03854203447699547,0.03356011226773262,0.04000730663537979
112,0.0008991686021909118,0.0008835001476109028,0.03851904362440109,0.03460917353630066,0.03966900631785393
113,0.0008989420447809,0.0008829103549942374,0.038502758592367174,0.033738157376646996,0.03990410730242729
114,0.0008983275705638031,0.0008816469553858041,0.03848624289035797,0.0340673853456974,0.03978590577840805
115,0.0008975757922356327,0.0008813401334919035,0.038497077226638796,0.03347829625010491,0.03997318685054779
116,0.0008966018267286321,0.0008803223934955895,0.03847367063164711,0.03389319583773613,0.03982086941599846
117,0.0008953249485542377,0.0008791059837676585,0.038487515300512316,0.03411795660853386,0.03977267861366272
118,0.0008939935608456532,0.0008781040273606777,0.038442543596029284,0.034284937530755996,0.03966536700725556
119,0.0008930934740540882,0.0008770548505708575,0.038442322313785554,0.03382570311427116,0.039800150841474535
120,0.0008925520341532926,0.0008762123994529248,0.0384176205098629,0.03387616917490959,0.03975334256887436
121,0.0008911307513092954,0.0008752912608906626,0.03841344580054283,0.03359546482563019,0.03983049839735031
122,0.000889954031445086,0.0008739638305269181,0.038409698903560635,0.034317274913191795,0.0396133553981781
123,0.0008898211767276129,0.0008740623248741031,0.038382908701896666,0.033459546118974684,0.039830955862998965
124,0.0008893070952035487,0.0008733090781606734,0.0383903469145298,0.03301303938031196,0.03997190982103348
125,0.0008873695918979744,0.0008714297483675182,0.03836131155490875,0.03396285556256771,0.0396549753844738
126,0.000887022598957022,0.0008704523625783623,0.038353432565927506,0.0338223584741354,0.03968609914183616
127,0.0008863018522970379,0.0008695278572849929,0.038352141231298445,0.033953087553381917,0.03964598298072815
128,0.0008852293551899492,0.0008690930437296629,0.03837115779519081,0.03403478041291237,0.03964656084775925
129,0.0008849242810780803,0.0008700552186928689,0.038328444361686705,0.03359448865056038,0.03972078382968903
130,0.0008836531592532992,0.0008672133181244135,0.03832302570343018,0.03376287423074245,0.03966424524784088
131,0.0008831529901362955,0.0008660639240406454,0.038291960507631305,0.03362786971032619,0.03966375216841698
132,0.0008815495522382359,0.0008652353077195585,0.03827725052833557,0.033734584078192714,0.03961332872509957
133,0.0008806672568122546,0.0008646526536904276,0.03829746127128601,0.03350475654006004,0.03970708191394806
134,0.0008798953440661231,0.0008643504022620618,0.03826632484793663,0.033770665898919104,0.0395885768532753
135,0.0008795500593259931,0.0008629400841891765,0.03830200582742691,0.034104815870523456,0.03953647419810295
136,0.0008779139436470966,0.0008630900364369154,0.03826818361878395,0.0331322968006134,0.03977873876690865
137,0.000876659668671588,0.0008606675686314702,0.0382754085958004,0.03430966421961784,0.039441805332899094
138,0.0008761758116694788,0.0008597976691089571,0.038241733014583584,0.0336539975553751,0.039591064453125
139,0.0008749793485427896,0.0008588446397334338,0.0382224078476429,0.03385644674301148,0.039506515860557555
140,0.0008738167816773057,0.0008581989724189043,0.03820826455950737,0.03334936395287514,0.039637356847524646
141,0.0008736004998597006,0.0008574020210653544,0.03823605909943581,0.03410464882850647,0.0394511778652668
142,0.000873111798427999,0.0008566943579353392,0.038175901174545286,0.0334862657636404,0.03955520540475845
143,0.0008708205275858442,0.0008554483554325998,0.03818482011556625,0.03360402837395668,0.03953211635351181
144,0.0008703176126194496,0.000854634998831898,0.0381431482732296,0.033241225481033324,0.03958488672971725
145,0.0008693736388037602,0.0008535296050831676,0.038144347369670865,0.033372254744172096,0.03954790160059929
146,0.0008684037051474054,0.0008534744777716697,0.038161496818065646,0.032973974198102954,0.03968723863363266
147,0.0008674929655777911,0.0008516237046569586,0.038150710314512254,0.03379168465733528,0.03943277597427368
148,0.000866918689571321,0.0008511674939654767,0.038175935000181196,0.03404498755931854,0.039390919357538225
149,0.0008665106445550918,0.0008499304833821952,0.03812363833189011,0.033777026757597924,0.039402052909135815
150,0.0008648971856261293,0.0008493508538231254,0.03811774283647537,0.03322703264653683,0.03955618962645531
151,0.000863877460360527,0.000848283099476248,0.03807234704494476,0.03345373496413231,0.03943076387047768
152,0.0008629655884578824,0.0008471807301975786,0.03808110669255257,0.0334012857824564,0.039457523971796034
153,0.000862036469237258,0.0008463915507309138,0.03805405199527741,0.03339106932282448,0.03942551478743553
154,0.0008610019165401657,0.0008454523072578012,0.038070323318243025,0.03339751720428467,0.03944467857480049
155,0.0008609184467544158,0.0008453825651668013,0.03803387269377709,0.03324970841407776,0.03944098368287086
156,0.0008599335382071634,0.0008441710961051285,0.03808230385184288,0.03374637760221958,0.03935757875442505
157,0.0008593513847639163,0.0008435029513202607,0.03802779749035835,0.03333578325808048,0.039407797008752826
158,0.0008578353398479521,0.0008419671934098005,0.03806319251656532,0.03394242778420448,0.03927518248558044
159,0.0008568209425235788,0.0008419451955705881,0.0380323338508606,0.03293021142482758,0.03953295782208443
160,0.000856723211084803,0.0008398262760601938,0.03797728344798088,0.033616908416152,0.03925974726676941
161,0.0008581500748793284,0.0008405120996758342,0.03803341746330261,0.03332147523760796,0.0394192835688591
162,0.0008557276947734257,0.0008388421032577753,0.03795197069644928,0.0338417361676693,0.03916086122393608
163,0.0008536483960536619,0.0008375689876265824,0.037977437376976016,0.032835509330034256,0.03948976814746857
164,0.0008522382308728993,0.0008358651585876942,0.037958856225013736,0.033523701801896094,0.03926331385970116
165,0.0008527148064846794,0.0008351568854413926,0.037968007326126096,0.0335271517932415,0.03927414134144783
166,0.0008504553923072914,0.0008343592076562345,0.03793009862303734,0.03390656039118767,0.03911349147558212
167,0.0008494162497421105,0.000833424786105752,0.03793444514274597,0.033111726865172386,0.03935289204120636
168,0.0008480157027952373,0.000832458259537816,0.03789337009191513,0.03354930713772774,0.039171037077903745
169,0.0008473527524620294,0.000831301948055625,0.03790355384349823,0.033285207971930506,0.039261893033981324
170,0.000846791995378832,0.0008303314191289246,0.03791202172636986,0.03374558314681053,0.03913744509220123
171,0.0008462437855390211,0.0008295860490761698,0.037872542291879654,0.033307358250021936,0.03921524152159691
172,0.0008446579069520036,0.000829135230742395,0.03784715861082077,0.033276174515485764,0.039191568791866305
173,0.000843590502627194,0.0008276159199886024,0.037863517701625826,0.033117836564779284,0.039259305000305174
174,0.0008424800230811039,0.0008272107224911451,0.03784659758210182,0.03282929718494415,0.039322268813848496
175,0.0008418955048546195,0.0008256500004790723,0.037837224453687666,0.03309300795197487,0.039232582002878186
176,0.000840675140110155,0.0008249810338020325,0.03781015917658806,0.03328678295016289,0.03914055988192558
177,0.0008400822694723805,0.000823775592725724,0.0378120818734169,0.03288022980093956,0.03926262781023979
178,0.0008386972678514818,0.0008231898047961295,0.03785838857293129,0.03386847279965877,0.03903189092874527
179,0.0008384079501653711,0.0008222215180285275,0.03778689563274384,0.03293208636343479,0.03921477794647217
180,0.0008364852207402388,0.0008209736738353968,0.03781392604112625,0.03352689445018768,0.039074817299842836
181,0.0008363157720305026,0.0008217046759091318,0.03779169768095016,0.03227093316614628,0.039415453523397447
182,0.0008364337721529107,0.0008185019041411579,0.03773069813847542,0.03317417837679386,0.039070854485034945
183,0.0008344239671714604,0.0008179452293552458,0.03776839450001716,0.033157222270965576,0.03912462398409843
184,0.0008323303097859025,0.0008162436867132783,0.037716008573770526,0.03358520030975342,0.03893095076084137
185,0.0008310439204797149,0.0008154813363216817,0.03773477017879486,0.03303558647632599,0.03911688461899757
186,0.0008298975749251743,0.0008140895352698863,0.03770520105957985,0.03326384976506233,0.039011484682559966
187,0.0008293227385729551,0.0008133786683902144,0.03772662237286568,0.033360357508063314,0.03901082098484039
188,0.0008283652846391002,0.0008132298500277102,0.03768182381987572,0.03275501824915409,0.03913088604807854
189,0.0008267090407510599,0.000811054294463247,0.0376985502243042,0.03330189026892185,0.03899168789386749
190,0.0008254347819214066,0.0008116135816089809,0.03768263503909111,0.0323569992929697,0.039249003082513806
191,0.0008250336558558046,0.0008085645595565438,0.037659353017807005,0.0331413821876049,0.03898816823959351
192,0.0008248095020341376,0.0008086474728770554,0.03770824730396271,0.03364256046712399,0.03890403613448143
193,0.0008227860221328835,0.0008082762593403459,0.037659042626619336,0.03208304598927498,0.039299042224884034
194,0.0008212281476395825,0.0008051665802486241,0.037606303989887235,0.03321261242032051,0.038898564726114276
195,0.0008197954103040198,0.000804392455611378,0.0376208233833313,0.033206989392638206,0.038919010162353516
196,0.0008203250200798114,0.0008064611977897585,0.03764581814408302,0.031772680133581165,0.03937320977449417
197,0.0008185384888201952,0.0008016533846966922,0.03758383646607399,0.033199380040168765,0.03887338787317276
198,0.0008162038198982676,0.0008014097344130278,0.037544355392456055,0.032861917167901995,0.038921543061733246
199,0.0008148848234365383,0.000799457523971796,0.03755759701132774,0.03281993843615055,0.038951026648283
200,0.0008132766971054177,0.0007987870438955724,0.037508385628461836,0.03266004107892513,0.03893437027931213
201,0.0008132141618989408,0.0007973924675025045,0.03752199232578277,0.032243747115135196,0.03907441705465317
202,0.0008108808053657413,0.0007953023794107139,0.03749295115470886,0.03335953451693058,0.03870866060256958
203,0.0008098644895168642,0.0007945002848282457,0.037496867775917056,0.03264769531786442,0.038923091739416125
204,0.0008083838395153483,0.0007933530048467219,0.03745908141136169,0.0324117173999548,0.038943601250648496
205,0.0008078205212950707,0.0007921115914359688,0.03742893204092979,0.032519565671682356,0.03887286484241485
206,0.0008057743349733452,0.0007900207140482962,0.03743523985147476,0.0329656233638525,0.038749831467866896
207,0.000803835967866083,0.0007886599702760577,0.03742717429995537,0.032806772738695145,0.03878611519932747
208,0.0008020056854002178,0.0007876605400815606,0.03742119759321213,0.03236623480916023,0.038907951265573504
209,0.0008004628517664969,0.000786082991398871,0.03741431415081024,0.03242009952664375,0.03888319849967956
210,0.0007990595193890234,0.0007838666415773332,0.03738745555281639,0.033187785372138026,0.038622652143239976
211,0.0007976398469569782,0.00078223857562989,0.037369019985198974,0.03265173181891441,0.038756460547447205
212,0.0007958729184853534,0.0007851873221807182,0.037438314110040664,0.03144657239317894,0.03920059189200401
213,0.0007962136118051906,0.0007835268205963075,0.037533463686704634,0.03413192570209503,0.038533914089202884
214,0.0007957575997958581,0.0007861893041990698,0.03748681262135506,0.031145357340574265,0.039351944476366044
215,0.0007974931077721219,0.0007748697674833238,0.03730688408017158,0.032559245675802234,0.0387032476067543
216,0.0007893124005446832,0.000771911614574492,0.03728721514344215,0.032937440425157546,0.03856656089425087
217,0.0007868890922206143,0.0007705673179589212,0.037254307717084885,0.031743821650743485,0.03887503743171692
218,0.0007822344700495402,0.0007650929992087186,0.03719293415546417,0.032615724578499795,0.038539170920848846
219,0.0007790908496826888,0.0007617721427232027,0.03720598921179771,0.032594667673110964,0.038562258034944535
220,0.0007753315358422696,0.0007564027840271593,0.03713158711791038,0.032531378120183946,0.03848458766937256
221,0.0007692386691148083,0.0007525421329773963,0.037087316662073135,0.031782081723213194,0.03864767834544182
222,0.0007655248829784492,0.0007476814067922532,0.037092085033655166,0.0331940995156765,0.03823855072259903
223,0.0007611890928819775,0.0007438483112491667,0.03699727520346641,0.031482498049736025,0.03861926704645157
224,0.0007566203852184117,0.0007388720056042075,0.03697363659739494,0.03246253229677677,0.0383004330098629
225,0.0007527275383472443,0.000735526776406914,0.03691092938184738,0.031319934874773026,0.038555337935686114
226,0.0007497436227276921,0.0007320384657941759,0.03687759980559349,0.030976001992821692,0.038613362163305284
227,0.0007478168653324246,0.0007269735634326935,0.03684630572795868,0.03243965841829777,0.038142376393079755
228,0.000741253929057469,0.0007235607341863215,0.03679072126746177,0.03128412738442421,0.038410306125879284
229,0.0007372089692701897,0.0007194662024267018,0.03676487654447556,0.032283043414354326,0.03808305934071541
230,0.0007334123831242323,0.0007182432617992162,0.03674611568450928,0.030689563527703287,0.03852745458483696
231,0.0007311300902316968,0.0007126624369993806,0.036702068895101546,0.03247687578201294,0.03794477194547653
232,0.0007273863923425476,0.0007092377636581659,0.03660944521427154,0.031087965592741965,0.03823340952396393
233,0.0007234782578113178,0.0007058063498698175,0.03653700113296509,0.03165213130414486,0.03797372788190842
234,0.0007213676775184771,0.00070329116191715,0.03652193561196327,0.030717723220586777,0.038229059278965
235,0.0007187467363352577,0.0007001115032471716,0.03645737424492836,0.03147410869598389,0.0379230372607708
236,0.0007146948537168404,0.0006963410694152117,0.03647025763988495,0.031613830327987674,0.03789861962199211
237,0.0007108647609129548,0.0006943330517970026,0.03643504872918129,0.0306486077606678,0.03813694432377815
238,0.0007080128773426016,0.0006901882402598858,0.03636193126440048,0.03114439070224762,0.03789650246500969
239,0.000705042986664921,0.0006878094235435128,0.03634420052170753,0.030629019513726236,0.03802513614296913
240,0.000702937338501215,0.0006851638271473348,0.036298059374094006,0.030480545982718467,0.03800909385085106
241,0.0006988373041773836,0.0006813846668228507,0.03626371875405312,0.03167683817446232,0.03761279821395874
242,0.0006974685130019982,0.0006786338286474347,0.03620227843523025,0.03086760200560093,0.03777129992842674
243,0.0006941808053913215,0.0006757853552699089,0.036163814067840576,0.03113071009516716,0.03764414191246033
244,0.0006921220244839787,0.0006755264569073916,0.036195237785577775,0.02981214664876461,0.038072622269392016
245,0.0006881157991786798,0.0006706744292750955,0.036130328327417374,0.03158662937581539,0.03746671110391617
246,0.0006869785324670375,0.0006718838051892817,0.03614699020981789,0.02984926663339138,0.03799926400184631
247,0.0006848504122657081,0.0006654241378419102,0.03602468863129616,0.03073139250278473,0.03758153960108757
248,0.0006814135541208089,0.0006627665366977453,0.036000170856714246,0.031253762096166614,0.03739617526531219
249,0.0006782115056800346,0.0006607699510641396,0.035963186621665956,0.0303848797082901,0.03760386750102043
250,0.0006757125351577998,0.0006598084839060902,0.035947370678186416,0.0305111163854599,0.037546268105506896
251,0.0006740448057341079,0.0006560808373615146,0.035895421504974365,0.03038214683532715,0.037516971677541734
252,0.0006705990720850726,0.0006534297112375498,0.035857414603233335,0.03060026600956917,0.037403635233640674
253,0.0006702225957997143,0.0006547757890075445,0.03600347056984901,0.03246428683400154,0.03704440608620643
254,0.0006716898099208871,0.0006513822334818542,0.03585086271166801,0.02952683888375759,0.037710868418216706
255,0.0006648863789935907,0.0006464027776382864,0.03575897231698036,0.030893646627664566,0.037189954966306685
256,0.0006647044416361799,0.0006466105300933123,0.0358247908949852,0.031825104355812074,0.037001171261072156
257,0.0006611071395066877,0.0006430316972546279,0.03568536013364792,0.029780894368886947,0.03742197036743164
258,0.0006582215009257197,0.0006399960396811366,0.035674106031656265,0.03131257876753807,0.03695690751075745
259,0.0006583230624285837,0.0006395682389847934,0.035592354685068134,0.029649283066391946,0.03734031707048416
260,0.0006543908462238808,0.00063759233802557,0.03558527141809464,0.03075286850333214,0.03700656622648239
261,0.0006517486732142667,0.0006340844836086035,0.03552713617682457,0.030094724744558335,0.03712490618228912
262,0.000649359308493634,0.0006318554189056158,0.0355062335729599,0.03044605329632759,0.03699452012777329
263,0.0006475687166675925,0.0006300777662545442,0.03546734347939491,0.03023250088095665,0.03700700402259827
264,0.0006452147585029403,0.0006286305375397206,0.03543320775032043,0.02988776221871376,0.03706422209739685
265,0.0006448982663763066,0.0006295903003774583,0.03548185750842094,0.029604378789663315,0.037210525274276735
266,0.0006433106757079562,0.0006258010515011847,0.03539050176739693,0.029415311962366103,0.037147912830114364
267,0.0006413204967975617,0.0006231219228357076,0.03532876253128052,0.029968842417001724,0.03690521091222763
268,0.0006372960292113324,0.0006235533789731562,0.03536181196570396,0.029233796000480653,0.03716416642069817
269,0.0006359414092730731,0.0006197842955589294,0.035287995487451554,0.03024086870253086,0.03677244573831558
270,0.0006344051201206942,0.0006176100205630064,0.03524674713611603,0.030175317972898484,0.03673834204673767
271,0.000632823174043248,0.0006178163713775575,0.03524751678109169,0.029055298194289206,0.0370687560737133
272,0.0006330690059500436,0.0006140978541225195,0.03520469605922699,0.03089055560529232,0.036473560929298404
273,0.0006294906116090715,0.000615620615426451,0.035180446058511734,0.02829368017613888,0.037205967605113986
274,0.0006279524213944872,0.0006107454281300307,0.03514253154397011,0.030768033117055893,0.03642914667725563
275,0.0006257515850787361,0.0006140676722861826,0.03519415184855461,0.028478293046355248,0.0371694016456604
276,0.00062582722476994,0.0006074638431891799,0.03503557205200195,0.030130155086517334,0.03647834479808807
277,0.0006258181591207783,0.0006067403382621706,0.035034967809915545,0.030492458939552308,0.03637099862098694
278,0.0006219283600027363,0.0006041658902540803,0.034990421980619434,0.030385559946298598,0.036344790160655976
279,0.0006208350920739273,0.0006093227118253708,0.035056425631046294,0.028553499430418013,0.03696905210614204
280,0.0006198923382908105,0.0006019323715008795,0.03485647350549698,0.02928801640868187,0.036494257748126986
281,0.0006156315320792298,0.0005993545847013592,0.034853634983301164,0.02979234017431736,0.036342251598834995
282,0.0006151392846368253,0.0006003915797919035,0.03495979174971581,0.03120923087000847,0.03606289759278297
283,0.0006163807422854006,0.0006013750215061008,0.034880126118659975,0.02873148500919342,0.03668855175375938
284,0.0006118256784975528,0.0005953172850422561,0.034747789949178695,0.02911647714674473,0.036404059529304506
285,0.000609704820283999,0.0005944941937923432,0.03483163952827453,0.03118987202644348,0.03590274602174759
286,0.0006084743980318308,0.0005933818197809159,0.0346953347325325,0.028676357492804526,0.03646561950445175
287,0.000605340083129704,0.0005903253541328013,0.03466176211833954,0.029966199174523353,0.03604280993342399
288,0.0006041424737001458,0.0005893594841472804,0.03458788946270943,0.029121811985969543,0.036195557564496994
289,0.000602541562790672,0.0005873552314005792,0.034617886692285535,0.030427030473947524,0.03585049167275429
290,0.0006018923766290148,0.0005861355178058147,0.0345879627764225,0.030692887157201768,0.03573357313871384
291,0.0006001900578849017,0.0005840457300655544,0.03451441392302513,0.0302924195677042,0.035756174325942996
292,0.0005969760978283982,0.0005827085091732443,0.034435201436281204,0.029152592048048973,0.03598890900611877
293,0.0005952264252118766,0.0005807942058891058,0.03442125767469406,0.03021841384470463,0.03565738901495934
294,0.0005948006889472405,0.0005799814010970294,0.03435582429170608,0.02956598624587059,0.03576459839940071
295,0.0005923522605250279,0.0005780921294353902,0.03432209491729736,0.02912545934319496,0.03585051402449608
296,0.0005904984544031322,0.0005762166203930974,0.0343366214632988,0.03068907931447029,0.035409429520368574
297,0.0005899529128024976,0.0005753026879392564,0.034230471104383466,0.029398587793111802,0.035651613622903824
298,0.0005913264335443576,0.000580000274349004,0.03432737022638321,0.028334446102380752,0.036089995354413984
299,0.0005883785632128517,0.0005723957088775933,0.03420779213309288,0.0303450421243906,0.035343892425298694
300,0.0005869074227909247,0.0005727774510160088,0.03414299458265305,0.02931543193757534,0.03556286364793777
301,0.0005833774385973811,0.0005709249735809862,0.034119214564561844,0.028748351782560348,0.03569887891411781
302,0.0005821738710316519,0.0005683814943768084,0.03406378760933876,0.029276233091950418,0.03547189325094223
303,0.0005801767685140172,0.0005666154366917908,0.034042097181081775,0.029688135236501694,0.035322676450014114
304,0.0005781793997933467,0.0005652214796282351,0.03398517727851868,0.029160488843917847,0.03540420278906822
305,0.0005772638142419358,0.0005637943930923939,0.033956389278173446,0.029550551325082778,0.035252224653959274
306,0.0005757135323559245,0.0005629200651310384,0.03400606378912926,0.030699841603636743,0.03497848227620125
307,0.0005767772649414838,0.0005609585694037378,0.033889768719673155,0.029270479455590248,0.03524838700890541
308,0.0005723569332621992,0.0005595806590281427,0.033858437687158585,0.029782997518777846,0.03505709871649742
309,0.0005716247763484717,0.0005584182008169592,0.033818439096212384,0.030010833367705346,0.0349383208155632
310,0.0005703390059837451,0.0005583719001151621,0.033754356950521466,0.02847910702228546,0.03530589938163757
311,0.0005691270747532447,0.0005587907927110792,0.03378230586647987,0.029678836315870285,0.03498920693993569
312,0.0005692958467019101,0.000555078333709389,0.03374894917011261,0.029539363235235216,0.03498706176877022
313,0.0005663081111075978,0.0005552778393030167,0.03372270539402962,0.028525413274765016,0.035251320153474805
314,0.0005652747210115194,0.0005524121993221343,0.03369723543524742,0.030162406712770463,0.03473688647150994
315,0.0005641960399225354,0.0005556145613081754,0.03370867073535919,0.027885122448205946,0.03542147859930992
316,0.0005634434591047466,0.0005504596745595336,0.0336693599820137,0.03034395195543766,0.034647421538829805
317,0.0005619411651665966,0.0005503194616176188,0.03356658741831779,0.02868575379252434,0.03500212803483009
318,0.0005606755272795756,0.0005493819247931242,0.03356098264455795,0.02840089812874794,0.03507865324616432
319,0.0005597057426348328,0.0005418577801901847,0.033490656316280364,0.029224828630685807,0.0347453136742115
320,0.0005487978194529811,0.0005354483122937382,0.03339626133441925,0.028233563899993895,0.03491470128297806
321,0.0005471810225086908,0.0005342869844753295,0.03335613414645195,0.02998117245733738,0.034348766058683394
322,0.0005455501827721795,0.0005340543622151017,0.03333731293678284,0.027568611353635787,0.03503399223089218
323,0.0005432484989675383,0.0005332053592428565,0.03332408517599106,0.029286900982260704,0.0345114940404892
324,0.0005414789612405003,0.0005304660310503095,0.03326619207859039,0.028005146160721778,0.03481356203556061
325,0.0005397683001744251,0.0005284173239488155,0.03322045370936394,0.02864500619471073,0.03456617504358292
326,0.0005392650491558015,0.0005262886383570731,0.03322919756174088,0.0297820071130991,0.03424307703971863
327,0.0005359181365929544,0.000528221211861819,0.03319002687931061,0.027459527403116225,0.03487546905875206
328,0.0005369790519277255,0.0005265812098514289,0.03326968476176262,0.03110831156373024,0.033905380070209504
329,0.0005352498420203726,0.0005269312264863401,0.033083933144807814,0.027344306707382204,0.034772062748670576
330,0.0005342828761786222,0.0005213602341245859,0.03303668275475502,0.028837944716215133,0.03427160531282425
331,0.0005314192369890709,0.0005207373632583767,0.033067836910486224,0.029808273166418077,0.03402653411030769
332,0.0005306865616391103,0.0005258414999116212,0.03315749868750572,0.027152872085571288,0.03492356404662132
333,0.0005326789050983886,0.0005232850986067205,0.03305364966392517,0.028567088395357133,0.0343732276558876
334,0.0005297278605091075,0.0005180996481794864,0.03292978778481483,0.027886332273483277,0.03441315442323685
335,0.0005286983462671438,0.0005162632954306901,0.032885224670171735,0.028123509138822556,0.034285730123519896
336,0.0005259050234841803,0.0005168921302538365,0.03301621094346047,0.03048133634030819,0.03376176327466965
337,0.0005245741084218026,0.0005152820143848657,0.032841244786977766,0.028580287098884584,0.03409446761012078
338,0.0005235178353420148,0.0005121358972974122,0.03279087513685226,0.029020659103989602,0.03389976263046265
339,0.0005206867408317824,0.0005108485883101821,0.032789269536733626,0.029165216833353044,0.03385516777634621
340,0.0005193932595041891,0.0005097295669838786,0.03274084582924843,0.029159650802612305,0.033794137984514236
341,0.000518383039161563,0.0005089703341946006,0.03274822264909744,0.02946810208261013,0.033712966293096544
342,0.0005170432105660439,0.0005084772501140833,0.032665900439023975,0.028258877992630004,0.03396208450198174
343,0.0005153533059637994,0.0005064258736092597,0.03268251568078995,0.029508474692702295,0.033616059869527815
344,0.0005148934619501233,0.000506993307499215,0.032744305357336995,0.030060991048812866,0.03353351444005966
345,0.0005144444511582454,0.0005086059239692986,0.03265102684497833,0.026865865141153335,0.034352546632289885
346,0.0005128788521202902,0.0005054752493742853,0.03260019570589066,0.029226766377687455,0.033592378497123716
347,0.0005113753800590833,0.0005020657659042626,0.03254396885633468,0.028910846561193467,0.033612538576126096
348,0.0005085534889561435,0.0005006243754178285,0.03248593308031559,0.029087356328964233,0.033485513925552365
349,0.0005075425782706588,0.0005021231155842542,0.032450249046087266,0.027295164912939072,0.03396644935011864
350,0.0005073174446200331,0.0004985262034460903,0.03247637204825878,0.029772773385047913,0.03327154889702797
351,0.0005064057686831802,0.0004981082316953689,0.03231949895620346,0.027757528200745583,0.033661253452301025
352,0.0005043787125032396,0.0004999021161347628,0.032479458376765254,0.029739260226488113,0.03328540176153183
353,0.0005035154917277395,0.0004951270692981779,0.03225894682109356,0.02814668297767639,0.03346843436360359
354,0.0005015791339489321,0.0004942190635483712,0.03226188614964485,0.028513512164354323,0.03336434721946716
355,0.0005005383817479014,0.0004923540900927037,0.03221230499446392,0.02852610304951668,0.03329648196697235
356,0.0004988734478441378,0.0004938116681296378,0.03219266764819622,0.028262928947806357,0.033348472714424135
357,0.0004981541268837948,0.0004918946244288236,0.03231800980865955,0.03030768394470215,0.03290928110480309
358,0.0004981813222790758,0.0004901006072759628,0.03208336167037487,0.027438997998833658,0.03344935238361359
359,0.0004948029248043895,0.0004882587236352265,0.03207138746976852,0.02818765737116337,0.03321366280317307
360,0.0004935969070841869,0.00048671813332475724,0.03203212633728981,0.028234320878982543,0.03314913257956505
361,0.000492439145843188,0.00048642324400134386,0.03199738509953022,0.027609705328941345,0.03328787788748741
362,0.0004911004627744357,0.00048448334448039534,0.03203695207834244,0.02905220702290535,0.032914819419384005
363,0.0004900440360264232,0.0004863635171204805,0.03203448362648487,0.028971665352582932,0.032935312688350676
364,0.000488522284043332,0.00048268989892676474,0.03189017407596111,0.02773697517812252,0.0331117033958435
365,0.0004871279381526013,0.00048141500796191396,0.03191572345793247,0.028989580422639848,0.03277635261416435
366,0.00048626757382104794,0.0004814586089923978,0.03183447256684303,0.02714552901685238,0.03321357563138008
367,0.000485070093224446,0.00047868679976090787,0.031810091063380244,0.028138479962944985,0.03288997828960419
368,0.00048311129522820315,0.00047898569144308564,0.031894369050860405,0.029501170143485068,0.03259825073182583
369,0.00048293007731748126,0.0004775985714513809,0.03170751266181469,0.027841328978538513,0.03284462586045265
370,0.00048093703148576123,0.0004765254084486514,0.03166499972343445,0.027417738288640976,0.03291419327259064
371,0.00047940854371214905,0.0004785378824453801,0.031999716609716414,0.030824040323495866,0.03234550289809704
372,0.00048183574302432437,0.00047471098019741476,0.03159444876015186,0.027143794149160384,0.032903466671705246
373,0.0004775021209691962,0.0004717556061223149,0.03159742809832096,0.02831603169441223,0.032562544494867326
374,0.0004761087727577736,0.0004717626702040434,0.031686212196946145,0.02954679861664772,0.032315451949834824
375,0.00047488641769935687,0.00047093099099583926,0.03148736409842968,0.02735449768602848,0.032702910974621774
376,0.0004733793317185094,0.0004685540171340108,0.03146408557891846,0.027999857887625695,0.03248297624289989
377,0.00047217188985086976,0.0004672371223568916,0.03147260256111622,0.02854641556739807,0.03233324624598026
378,0.00047022535116411743,0.00046758353244513273,0.03138527899980545,0.027326049208641054,0.03257916919887066
379,0.00046938577550463377,0.00046502522192895415,0.031365088298916814,0.028053575158119202,0.032339061871171
380,0.0004675181039298574,0.00046403820160776375,0.03131153598427772,0.027650625333189963,0.03238827213644981
381,0.0004672825010493398,0.00046342026675119994,0.03131610326468945,0.02795183576643467,0.03230559408664704
382,0.00046544060887147983,0.000464838471962139,0.03129960425198078,0.02650400422513485,0.03271007433533669
383,0.0004646459617651999,0.00046024834038689734,0.031234013363718987,0.02795135773718357,0.03219949841499328
384,0.0004632531083188951,0.00046117017162032424,0.03135622888803482,0.029725475683808327,0.03183586142957211
385,0.00046371205787484844,0.0004586974682752043,0.031212620437145233,0.028445094674825668,0.032026599794626236
386,0.00046146743504020077,0.00045945589547045527,0.031089424416422845,0.02686367928981781,0.0323322918266058
387,0.0004600462045830985,0.00045991080696694553,0.031296388059854505,0.029328720942139626,0.03187511265277863
388,0.0004589004488661885,0.00045597271877340973,0.031128694862127305,0.02867128111422062,0.03185146450996399
389,0.0004562457286131879,0.0004553180339280516,0.0309717970341444,0.027152104824781417,0.03209523893892765
390,0.00045587148517370227,0.00045447044540196656,0.031046073138713836,0.02848334565758705,0.031799814999103546
391,0.0004543495628361901,0.00045148058328777554,0.030967188850045204,0.02863924264907837,0.0316518771648407
392,0.00045318584074266255,0.00045122544397599993,0.030833482369780542,0.026779889091849328,0.03202572040259838
393,0.00045183399265321593,0.00044881794252432883,0.030839566960930823,0.027967283502221107,0.031684354767203333
394,0.00044993569647582866,0.0004475749295670539,0.03077464610338211,0.02768684647977352,0.03168282084167004
395,0.00044897757625828185,0.0004476951074320823,0.030696751847863198,0.0266363874822855,0.03189097940921783
396,0.00044838676733585696,0.00044624614412896334,0.030672039687633514,0.027692954167723657,0.03154824256896973
397,0.00044680567380661764,0.00044414425967261197,0.03066263146698475,0.027819277048110963,0.03149891570210457
398,0.00044505927013233304,0.0004441834322642535,0.030686218217015268,0.02817892372608185,0.0314236581325531
399,0.00044495220839356383,0.0004475292016286403,0.030664020404219627,0.027547248378396033,0.03158071868121624
400,0.0004443116299808025,0.00044378316146321596,0.03049916513264179,0.02616784378886223,0.03177308261394501
401,0.00044354141612226765,0.0004396723839454353,0.03049501985311508,0.027744035720825195,0.031304135471582416
402,0.00044123774006341894,0.00043900673044845463,0.03047470949590206,0.02796580508351326,0.031212623193860055
403,0.00043995854289581376,0.00043878794182091954,0.03039031073451042,0.026730511635541916,0.03146672286093235
404,0.0004388252440063904,0.00043668914935551584,0.030400073006749153,0.02800265572965145,0.031105192676186562
405,0.0004365293173274646,0.0004367100750096142,0.030301415026187897,0.026577448397874834,0.03139669917523861
406,0.0004354013704384367,0.00043417071108706293,0.030260287597775458,0.02713733956217766,0.03117880128324032
407,0.0004341842195329567,0.00043785024899989367,0.03036619573831558,0.027638547867536545,0.031168443262577058
408,0.0004337370038653413,0.00043522533611394464,0.030162453353405,0.025961780920624733,0.03139794692397117
409,0.0004323831348059078,0.0004325465904548764,0.03022753968834877,0.027628801465034485,0.030991874113678933
410,0.0004305497145590683,0.0004304786736611277,0.03021905742585659,0.02823171257972717,0.030803570225834846
411,0.0004297342838253826,0.00042853240389376877,0.030060296207666398,0.027407740131020545,0.030840461105108262
412,0.00042712093912996354,0.0004275742662139237,0.02996238596737385,0.026611945256590844,0.030947807878255844
413,0.0004260971692080299,0.00042799891787581145,0.029934430941939354,0.026529570445418357,0.030935857966542243
414,0.00042643570496390265,0.000425468193134293,0.02996819369494915,0.027823147997260093,0.030599091723561286
415,0.0004240029309100161,0.0004248406284023076,0.02980279043316841,0.025866822823882103,0.03096042737364769
416,0.0004231348548394938,0.0004234349960461259,0.02975694142282009,0.026288616210222243,0.03077703908085823
417,0.0004211782388544331,0.0004233730968553573,0.02983465000987053,0.02729430601000786,0.03058180823922157
418,0.00042355669584746164,0.0004282543377485126,0.029838590919971465,0.026476904600858688,0.030827320218086242
419,0.00042119863093830644,0.00042113202856853605,0.02960502378642559,0.025378098860383034,0.030848238468170166
420,0.0004191391682252288,0.00041999471141025425,0.029806779772043226,0.02829707108438015,0.030250810608267783
421,0.0004164790641516447,0.0004198645183350891,0.029629302695393562,0.02659889616072178,0.03052059978246689
422,0.0004149424036343892,0.00041881816694512965,0.029636805653572084,0.027035624161362647,0.030401858687400817
423,0.0004138435625160734,0.0004161200916860253,0.02958365999162197,0.027290303260087967,0.030258177742362023
424,0.00041236165988569457,0.00041361955110915007,0.02944916717708111,0.02688837967813015,0.03020234026014805
425,0.00041096477342459064,0.0004132594494149089,0.029444055929780007,0.026983063220977783,0.03016787804663181
426,0.0004097426061828931,0.0004129396262578666,0.029284769222140312,0.025596364140510558,0.030369593277573586
427,0.00040827752634262044,0.0004131835186854005,0.029577144756913185,0.028236790299415587,0.029971369877457618
428,0.00040825508069247007,0.0004105324612464756,0.029375766441226005,0.02722062587738037,0.030009630918502807
429,0.000406336507294327,0.00040911526302807034,0.029098818376660347,0.024854963421821596,0.030347011759877206
430,0.0004046421319556733,0.00040578657062724234,0.02901592381298542,0.0255716972053051,0.030028931871056555
431,0.00040329933515749873,0.0004073284787591547,0.029230944365262985,0.027893114686012268,0.029624425172805786
432,0.00040391347099406026,0.000404525191988796,0.0291317231208086,0.027432525977492333,0.029631483480334283
433,0.0004012867191340774,0.00040698083001188933,0.028985564187169074,0.024185691624879838,0.030397290363907814
434,0.00040028177900239823,0.00040087935398332777,0.028907852098345756,0.026190598160028458,0.029707044810056687
435,0.00039848896209150554,0.0004000806051772088,0.028897469714283943,0.026441731452941895,0.02961974509060383
436,0.000395756281989937,0.00039776536519639196,0.02868836000561714,0.025364755392074584,0.029665892124176026
437,0.0003938632889185101,0.0003972833219449967,0.02879203073680401,0.026420274823904036,0.029489605277776717
438,0.0003936001790377001,0.0003973311139270663,0.028823987171053885,0.026623952388763427,0.029471056386828422
439,0.0003929804389675458,0.00040056858328171076,0.028668300434947013,0.024408453702926637,0.029921196028590204
440,0.00039108882813404,0.000392235602485016,0.02849870450794697,0.025518373996019365,0.02937527023255825
441,0.0003885895518275599,0.00039115886553190647,0.028402640670537948,0.024953000918030738,0.029417241290211678
442,0.00038740877682964006,0.00039170588715933265,0.028432632461190224,0.025143034234642984,0.029400158300995828
443,0.0003860630184256782,0.0003882770694326609,0.028311909064650535,0.0255601167678833,0.029121259599924086
444,0.0003839404295043399,0.00038717947085388006,0.028306711837649344,0.02591255471110344,0.029010874405503272
445,0.0003820451252007236,0.00038706102524884047,0.028231936991214752,0.024879337325692176,0.029217992424964905
446,0.0003818425889282177,0.00038584297173656525,0.028123560696840286,0.02435822144150734,0.02923101231455803
447,0.0003802183565373222,0.00038329152506776153,0.02798537977039814,0.023871150836348533,0.029195447489619254
448,0.00037733420574416715,0.0003797390148974955,0.02786811038851738,0.024522714465856552,0.02885204888880253
449,0.00037633564012746015,0.0003831708838697523,0.027903965413570403,0.02345734491944313,0.029211796075105666
450,0.00037318940623663364,0.0003782955021597445,0.027746411934494973,0.023445167988538743,0.029011483043432235
451,0.0003723121896230926,0.00037465234054252506,0.02758534677326679,0.023734714537858963,0.028717884868383406
452,0.00036960492686678964,0.0003725506167393178,0.027528615072369575,0.024339043349027634,0.028466723263263702
453,0.00036811892952149115,0.0003724693937692791,0.027689893171191214,0.025645914077758788,0.028291062787175178
454,0.00036652304154510297,0.00037044530850835147,0.027610492929816245,0.025497857332229614,0.028231856524944306
455,0.00036420788809967536,0.0003682674781884998,0.027395120933651925,0.02475787475705147,0.028170781582593916
456,0.0003623555259158214,0.0003673819813411683,0.02739508293569088,0.025010934844613076,0.028096302673220636
457,0.00036163327594598133,0.00036901867133565247,0.027523859068751336,0.025999318137764932,0.027972253262996672
458,0.00035962136190695066,0.0003640907083172351,0.027182414531707763,0.02416087068617344,0.028071104362607003
459,0.00035727703594602646,0.00036348065244965253,0.027143428698182107,0.02385926268994808,0.0281093580275774
460,0.0003554746931573997,0.0003609476564452052,0.027048730924725532,0.02388044521212578,0.02798058107495308
461,0.0003553875877211491,0.0003603664331603795,0.027083608582615853,0.024001440927386285,0.02799012891948223
462,0.00035411067578631144,0.0003588430152740329,0.026912397891283035,0.02318099170923233,0.028009868785738946
463,0.0003512065178559472,0.0003568749385885894,0.02683758467435837,0.02355897717177868,0.027801879569888114
464,0.0003506464014450709,0.00035809104098007084,0.027063026279211044,0.02486890211701393,0.027708357200026512
465,0.000350174413761124,0.00036227716016583143,0.02706532374024391,0.024372201412916183,0.027857419922947883
466,0.00034882394984985394,0.00035407877643592653,0.026784013882279398,0.02345709376037121,0.027762520387768747
467,0.00034624894615262745,0.0003532001201529056,0.026617539376020433,0.023006001934409142,0.027679757326841355
468,0.00034435174078680577,0.0003499521024059504,0.026644233167171478,0.024179654121398927,0.02736911192536354
469,0.000344177564062799,0.00034975698334164916,0.026527317091822624,0.02342162810266018,0.027440756261348724
470,0.00034204985519560674,0.00034908306086435916,0.026448287516832352,0.022514192014932634,0.027605375349521635
471,0.00034016836046551666,0.00034687836072407665,0.02640655852854252,0.02304547354578972,0.027395113706588745
472,0.00033976874003807705,0.0003485024021938443,0.026417159661650657,0.022713385671377182,0.027506505250930787
473,0.0003371572665249308,0.00034848330658860505,0.02638213150203228,0.021851559355854987,0.027714653834700585
474,0.00034087898093275725,0.0003470122523140162,0.026150932535529137,0.02179084949195385,0.027433308735489846
475,0.0003363819633765767,0.0003413643559906632,0.026158666238188744,0.022638150304555894,0.02719411365687847
476,0.00033318399956139424,0.00033974698511883615,0.026141758039593697,0.022858790382742883,0.02710733950138092
477,0.00033123882060560086,0.0003380144014954567,0.026022194921970367,0.022655225023627282,0.027012479305267335
478,0.0003303510707337409,0.0003383872250560671,0.026026443913578987,0.022617929205298423,0.027028948590159415
479,0.00032949730792703727,0.0003366917639505118,0.02601740576326847,0.02326205626130104,0.026827800050377847
480,0.000329240751452744,0.0003361664188560098,0.026114134266972542,0.023800871223211287,0.026794508472084998
481,0.00032737924989002446,0.00033475122414529325,0.02585755579173565,0.022291094213724136,0.026906517893075944
482,0.0003279809444211423,0.0003375710034742951,0.025975808277726175,0.022405073195695877,0.02702602505683899
483,0.00032746846321970226,0.00033259332412853836,0.02586279056966305,0.023260189816355706,0.026628262028098107
484,0.0003251277081047495,0.00033150599454529584,0.025780751407146453,0.02288912147283554,0.026631229147315024
485,0.000324052693710352,0.0003313843486830592,0.025755242332816123,0.022662496119737627,0.026664873883128166
486,0.0003238030612313499,0.0003299755451735109,0.025683962032198904,0.02263076975941658,0.026581960171461104
487,0.00032447410242942475,0.00033087947289459405,0.025600581765174865,0.021647636145353318,0.026763213723897936
488,0.0003254911125016709,0.0003331624297425151,0.025672912746667862,0.02183680348098278,0.026801178827881814
489,0.00032613716398676237,0.0003360797569621354,0.02594936892390251,0.024223378151655196,0.026457013040781022
490,0.00032351792052698634,0.0003292998659890145,0.02575586013495922,0.02338280335068703,0.026453817486763
491,0.0003211343571698914,0.00032971460022963585,0.025647160485386847,0.02322087250649929,0.026360774487257002
492,0.00031993338333753245,0.00032811621786095203,0.02549463100731373,0.022252810448408128,0.026448110342025755
493,0.0003191002826982488,0.00032527502160519363,0.02534952498972416,0.02195064090192318,0.026349195912480354
494,0.00031814220477826893,0.0003268435050267726,0.025338816568255425,0.020996256098151207,0.026616039350628853
495,0.0003173885024928798,0.00032632132759317754,0.025328681543469428,0.02143887594342232,0.02647274136543274
496,0.00031676818849518895,0.0003234446165151894,0.025227992385625838,0.021499492600560187,0.026324611455202103
497,0.000315634652118509,0.00032402062206529083,0.025212301090359688,0.02111849553883076,0.026416360586881637
498,0.00031645370142844816,0.0003303237119689584,0.025421975404024123,0.020341987758874892,0.02691608890891075
499,0.00031662058356838924,0.0003271136048715562,0.025269183814525604,0.020417856946587563,0.026696045845746995
